IntTFHKA.exe ReadFpStatus()
Retorno: TRUE   Status: 4       Error: 0

S1 
TRUE 0 0
Retorno: FALSE Status: 0 Error: 144
02 53 31 30 30 0a 30 30 30 30 30 30 30 30 30 30 	.S100.0000000000
30 30 31 31 31 35 36 0a 30 30 30 31 31 37 38 32 	0011156.00011782
0a 30 30 30 30 36 0a 30 30 30 30 30 30 30 30 0a 	.00006.00000000.
30 30 30 30 30 0a 30 30 30 30 30 30 39 32 0a 30 	00000.00000092.0
30 30 30 30 0a 30 30 30 30 31 35 30 36 0a 30 30 	0000.00001506.00
30 30 34 0a 30 30 30 30 0a 30 31 33 32 0a 4a 2d 	004.0000.0132.J-
33 30 37 36 32 31 35 35 39 0a 5a 37 43 37 30 31 	307621559.Z7C701
32 30 37 35 0a 31 31 32 38 34 30 0a 31 32 30 35 	2075.112840.1205
32 32 0a 03 1a                                  	22...

S2
02 53 32 20 30 30 30 30 30 30 30 30 30 30 30 30 	.S2 000000000000
30 30 30 30 30 0a 20 30 30 30 30 30 30 30 30 30 	00000. 000000000
30 30 30 30 30 30 30 30 0a 20 30 30 30 30 30 30 	00000000. 000000
30 30 30 30 30 30 30 30 30 30 30 0a 30 30 30 30 	00000000000.0000
30 30 30 30 30 30 30 30 30 30 30 30 30 0a 20 30 	0000000000000. 0
30 30 30 30 30 30 30 30 30 30 30 30 30 30 30 30 	0000000000000000
0a 30 30 30 30 0a 30 0a 03 68                   	.0000.0..h

S2E
02 53 32 20 30 30 30 30 30                      	.S2 00000

S3
02 53 33 32 31 36 30 30 0a 32 30 38 30 30 0a 32 	.S321600.20800.2
33 31 30 30 0a 30 30 30 30 30 30 30 30 30 30 30 	3100.00000000000
30 30 30 30 30 30 30 30 30 30 30 30 30 30 30 30 	0000000000000000
30 30 30 30 30 30 30 30 30 30 30 30 30 30 30 33 	0000000000000003
30 30 30 30 30 30 30 30 30 30 30 30 30 30 30 30 	0000000000000000
30 30 30 30 30 30 30 30 30 30 30 30 30 30 30 30 	0000000000000000
30 30 30 30 30 30 30 30 30 30 30 30 30 30 30 30 	0000000000000000
30 30 30 30 30 30 30 30 30 30 30 30 30 30 30 30 	0000000000000000
31 30 30 30 30 30 30 30 30 30 30 30 30 30 30 30 	1000000000000000
30 30 30 30 31 0a 03 5f                         	00001.._

S4
02 53 34 30 30 30 30 30 30 30 30 30 30 30 30 30 	.S40000000000000
30 33 34 33 36 0a 30 30 30 30 30 30 30 30 30 30 	03436.0000000000
30 30 30 30 30 30 30 30 0a 30 30 30 30 30 30 30 	00000000.0000000
30 30 30 30 30 30 30 30 30 30 30 0a 30 30 30 30 	00000000000.0000
30 30 30 30 30 30 30 30 30 30 36 39 33 31 0a 30 	00000000006931.0
30 30 30 30 30 30 30 30 30 30 30 30 30 30 30 30 	0000000000000000
30 0a 30 30 30 30 30 30 30 30 30 30 30 30 30 30 	0.00000000000000
30 30 30 30 0a 30 30 30 30 30 30 30 30 30 30 30 	0000.00000000000
30 30 30 30 30 30 30 0a 30 30 30 30 30 30 30 30 	0000000.00000000
30 30 30 30 30 30 30 30 30 30 0a 30 30 30 30 30 	0000000000.00000
30 30 30 30 30 30 30 30 30 30 30 30 30 0a 30 30 	0000000000000.00
30 30 30 30 30 30 30 30 30 30 30 30 30 30 30 30 	0000000000000000
0a 30 30 30 30 30 30 30 30 30 30 30 30 30 30 30 	.000000000000000
30 30 30 0a 30 30 30 30 30 30 30 30 30 30 30 30 	000.000000000000
30 30 30 30 30 30 0a 30 30 30 30 30 30 30 30 30 	000000.000000000
30 30 30 30 30 30 30 30 30 0a 30 30 30 30 30 30 	000000000.000000
30 30 30 30 30 30 30 30 31 32 31 33 0a 30 30 30 	000000001213.000
30 30 30 30 30 30 30 30 30 30 30 30 30 30 30 0a 	000000000000000.
30 30 30 30 30 30 30 30 30 30 30 30 30 30 30 30 	0000000000000000
30 30 0a 30 30 30 30 30 30 30 30 30 30 30 30 30 	00.0000000000000
30 30 30 30 30 0a 30 30 30 30 30 30 30 30 30 30 	00000.0000000000
30 30 30 30 30 30 30 30 0a 30 30 30 30 30 30 30 	00000000.0000000
30 30 30 30 30 30 30 30 30 30 30 0a 30 30 30 30 	00000000000.0000
30 30 30 30 30 30 30 30 30 30 30 30 30 30 0a 30 	00000000000000.0
30 30 30 30 30 30 30 30 30 30 30 30 30 30 30 30 	0000000000000000
30 0a 30 30 30 30 30 30 30 30 30 30 30 30 30 30 	0.00000000000000
30 30 30 30 0a 30 30 30 30 30 30 30 30 30 30 30 	0000.00000000000
30 30 30 30 30 30 30 0a 30 30 30 30 30 30 30 30 	0000000.00000000
30 30 30 30 30 30 30 30 30 30 0a 03 6a          	0000000000..j

S5
02 53 35 4a 2d 33 30 37 36 32 31 35 35 39 0a 5a 	.S5J-307621559.Z
37 43 37 30 31 32 30 37 35 0a 30 30 30 31 0a 31 	7C7012075.0001.1
38 37 37 0a 31 35 31 30 0a 30 31 33 33 38 30 0a 	877.1510.013380.
03 26                                           	.&

S8E
02 53 38 45 46 41 52 4d 41                      	.S8EFARMA


S8P
02 53 38 50 20 20 20 20 20                      	.S8P    

SV
02 53 56 0a 5a 37 43 0a 56                      	.SV.Z7C.V

U0X
02 30 31 33 33 0a 32 32 30 35 31 31 0a 32 33 30 	.0133.220511.230
31 0a 30 30 30 31 31 37 38 32 0a 32 32 30 35 31 	1.00011782.22051
32 0a 31 30 33 35 0a 30 30 30 30 30 30 30 30 0a 	2.1035.00000000.
30 30 30 30 30 30 39 32 0a 30 30 30 30 31 35 30 	00000092.0000150
36 0a 30 30 30 30 30 30 30 30 30 30 30 30 30 30 	6.00000000000000
38 35 30 36 0a 30 30 30 30 30 30 30 30 30 30 30 	8506.00000000000
30 30 30 32 36 35 30 0a 30 30 30 30 30 30 30 30 	0002650.00000000
30 30 30 30 30 30 30 34 32 34 0a 30 30 30 30 30 	0000000424.00000
30 30 30 30 30 30 30 30 30 30 30 30 30 0a 30 30 	0000000000000.00
30 30 30 30 30 30 30 30 30 30 30 30 30 30 30 30 	0000000000000000
0a 30 30 30 30 30 30 30 30 30 30 30 30 30 30 30 	.000000000000000
30 30 30 0a 30 30 30 30 30 30 30 30 30 30 30 30 	000.000000000000
30 30 30 30 30 30 0a 30 30 30 30 30 30 30 30 30 	000000.000000000
30 30 30 30 30 30 30 30 30 0a 30 30 30 30 30 30 	000000000.000000
30 30 30 30 30 30 30 30 30 30 30 30 0a 30 30 30 	000000000000.000
30 30 30 30 30 30 30 30 30 30 30 30 30 30 30 0a 	000000000000000.
30 30 30 30 30 30 30 30 30 30 30 30 30 30 30 30 	0000000000000000
30 30 0a 30 30 30 30 30 30 30 30 30 30 30 30 30 	00.0000000000000
30 30 30 30 30 0a 30 30 30 30 30 30 30 30 30 30 	00000.0000000000
30 30 30 30 30 30 30 30 0a 30 30 30 30 30 30 30 	00000000.0000000
30 30 30 30 30 30 30 30 30 30 30 0a 30 30 30 30 	00000000000.0000
30 30 30 30 30 30 30 30 30 30 30 30 30 30 0a 30 	00000000000000.0
30 30 30 30 30 30 30 30 30 30 30 30 30 30 30 30 	0000000000000000
30 0a 30 30 30 30 30 30 30 30 30 30 30 30 30 30 	0.00000000000000
30 30 30 30 0a 30 30 30 30 30 30 30 30 30 30 30 	0000.00000000000
30 30 30 30 30 30 30 0a 30 30 30 30 30 30 30 30 	0000000.00000000
30 30 30 30 30 30 30 30 30 30 0a 30 30 30 30 30 	0000000000.00000
30 30 30 30 30 30 30 30 30 30 30 30 30 0a 30 30 	0000000000000.00
30 30 30 30 30 30 30 30 30 30 30 30 30 30 30 30 	0000000000000000
0a 03 0a                                        	...

U0Z

02 30 31 33 32 0a 32 32 30 35 31 31 0a 32 33 30 	.0132.220511.230
31 0a 30 30 30 31 31 37 37 36 0a 32 32 30 35 31 	1.00011776.22051
31 0a 32 32 33 34 0a 30 30 30 30 30 30 30 30 0a 	1.2234.00000000.
30 30 30 30 30 30 39 32 0a 30 30 30 30 31 35 30 	00000092.0000150
32 0a 30 30 30 30 30 30 30 30 30 30 30 30 34 31 	2.00000000000041
35 37 38 34 0a 30 30 30 30 30 30 30 30 30 30 30 	5784.00000000000
30 31 30 37 36 35 34 0a 30 30 30 30 30 30 30 30 	0107654.00000000
30 30 30 30 30 31 37 32 32 35 0a 30 30 30 30 30 	0000017225.00000
30 30 30 30 30 30 30 30 30 30 30 30 30 0a 30 30 	0000000000000.00
30 30 30 30 30 30 30 30 30 30 30 30 30 30 30 30 	0000000000000000
0a 30 30 30 30 30 30 30 30 30 30 30 30 30 30 30 	.000000000000000
30 30 30 0a 30 30 30 30 30 30 30 30 30 30 30 30 	000.000000000000
30 30 30 30 30 30 0a 30 30 30 30 30 30 30 30 30 	000000.000000000
30 30 30 30 30 30 30 30 30 0a 30 30 30 30 30 30 	000000000.000000
30 30 30 30 30 30 30 30 30 30 30 30 0a 30 30 30 	000000000000.000
30 30 30 30 30 30 30 30 30 30 30 30 30 30 30 0a 	000000000000000.
30 30 30 30 30 30 30 30 30 30 30 30 30 30 30 30 	0000000000000000
30 30 0a 30 30 30 30 30 30 30 30 30 30 30 30 30 	00.0000000000000
30 30 30 30 30 0a 30 30 30 30 30 30 30 30 30 30 	00000.0000000000
30 30 30 30 30 30 30 30 0a 30 30 30 30 30 30 30 	00000000.0000000
30 30 30 30 30 30 30 30 30 30 30 0a 30 30 30 30 	00000000000.0000
30 30 30 30 30 30 30 30 30 30 30 30 30 30 0a 30 	00000000000000.0
30 30 30 30 30 30 30 30 30 30 30 30 30 30 30 30 	0000000000000000
30 0a 30 30 30 30 30 30 30 30 30 30 30 30 30 30 	0.00000000000000
30 30 30 30 0a 30 30 30 30 30 30 30 30 30 30 30 	0000.00000000000
30 30 30 30 30 30 30 0a 30 30 30 30 30 30 30 30 	0000000.00000000
30 30 30 30 30 30 30 30 30 30 0a 30 30 30 30 30 	0000000000.00000
30 30 30 30 30 30 30 30 30 30 30 30 30 0a 30 30 	0000000000000.00
30 30 30 30 30 30 30 30 30 30 30 30 30 30 30 30 	0000000000000000
0a 03 06                                        	...

ESTO LO ESCRIBE EN EL ARCHIVO ESTATUS EN C:\IntTFHKA Status.txt
S10000000000000011156000117820000600000000000000000009200000000015060000400000132J-307621559Z7C7012075120146120522

ESTO LO ESCRIBE EN EL ARCHIVO ESTATUS EN C:\IntTFHKA Reporte.txt
0001010415000000010207200225000000000000000000000001000000000000000000000000000000000000000000000000000000000000000000000000000000000000000000000000000000000000000000000000000000000000000000000000000000000000000000000000000000000000000000000000000000000000000000

S2 (PHP)
S2 00000000000000000 00000000000000000 0000000000000000000000000000000000 0000000000000000000000

0001010415000000010207200225000000000000000000000001000000000000000000000000000000000000000000000000000000000000000000000000000000000000000000000000000000000000000000000000000000000000000000000000000000000000000000000000000000000000000000000000000000000000000000


s3
S321600208002310000000000000000000000000000000000000000000030000000000000000000000000000000000000000000000000000000000000000100000000000000000001

0001010415000000010207200225000000000000000000000001000000000000000000000000000000000000000000000000000000000000000000000000000000000000000000000000000000000000000000000000000000000000000000000000000000000000000000000000000000000000000000000000000000000000000000


s4
S4000000000000003436000000000000000000000000000000000000000000000000006931000000000000000000000000000000000000000000000000000000000000000000000000000000000000000000000000000000000000000000000000000000000000000000000000000000000000000000000000000000001213000000000000000000000000000000000000000000000000000000000000000000000000000000000000000000000000000000000000000000000000000000000000000000000000000000000000000000000000000000000000

0001010415000000010207200225000000000000000000000001000000000000000000000000000000000000000000000000000000000000000000000000000000000000000000000000000000000000000000000000000000000000000000000000000000000000000000000000000000000000000000000000000000000000000000

s5
S5J-307621559Z7C7012075000118771510013380

0001010415000000010207200225000000000000000000000001000000000000000000000000000000000000000000000000000000000000000000000000000000000000000000000000000000000000000000000000000000000000000000000000000000000000000000000000000000000000000000000000000000000000000000

s6
01322205112301000117762205112234000000000000009200001502000000000000415784000000000000107654000000000000017225000000000000000000000000000000000000000000000000000000000000000000000000000000000000000000000000000000000000000000000000000000000000000000000000000000000000000000000000000000000000000000000000000000000000000000000000000000000000000000000000000000000000000000000000000000000000000000000000000000000000000000000000000000000000

s1
S10000000000000011156000117820000600000000000000000009200000000015060000400000132J-307621559Z7C7012075121700120522

01322205112301000117762205112234000000000000009200001502000000000000415784000000000000107654000000000000017225000000000000000000000000000000000000000000000000000000000000000000000000000000000000000000000000000000000000000000000000000000000000000000000000000000000000000000000000000000000000000000000000000000000000000000000000000000000000000000000000000000000000000000000000000000000000000000000000000000000000000000000000000000000000
